0.552389
0.544218
0.53627
0.528538
0.521014
0.513695
0.506573
0.499642
0.492898
0.486336
0.479949
0.473733
0.467682
0.461794
0.456061
0.450482
0.44505
0.439761
0.434613
0.4296
0.424719
0.419967
0.415339
0.410832
0.406443
0.402169
0.398005
0.39395
0.39
0.386153
0.382405
0.378753
0.375195
0.371729
0.368352
0.365061
0.361854
0.358729
0.355684
0.352716
0.349823
0.347003
0.344254
0.341575
0.338963
0.336417
0.333934
0.331514
0.329153
0.326852
0.324607
0.322419
0.320284
0.318202
0.316171
0.314191
0.312258
0.310373
0.308534
0.30674
0.30499
0.303282
0.301615
0.299988
0.298401
0.296851
0.295339
0.293863
0.292422
0.291016
0.289643
0.288302
0.286993
0.285715
0.284467
0.283248
0.282058
0.280895
0.27976
0.27865
0.277567
0.276508
0.275474
0.274464
0.273476
0.272512
0.271569
0.270647
0.269747
0.268867
0.268006
0.267165
0.266343
0.265539
0.264753
0.263984
0.263233
0.262498
0.261779
0.261076
0.260388
0.259715
0.259057
0.258413
0.257783
0.257166
0.256563
0.255972
0.255394
0.254829
0.254275
0.253733
0.253202
0.252683
0.252174
0.251676
0.251188
0.25071
0.250242
0.249783
0.249334
0.248894
0.248463
0.248041
0.247627
0.247221
0.246824
0.246434
0.246052
0.245677
0.24531
0.24495
0.244597
0.244251
0.243912
0.243579
0.243252
0.242932
0.242617
0.242309
0.242006
0.241709
0.241418
0.241132
0.240851
0.240575
0.240305
0.240039
0.239778
0.239522
0.23927
0.239023
0.23878
0.238542
0.238308
0.238077
0.237851
0.237629
0.23741
0.237196
0.236985
0.236777
0.236573
0.236373
0.236175
0.235982
0.235791
0.235603
0.235419
0.235237
0.235058
0.234883
0.23471
0.234539
0.234372
0.234207
0.234045
0.233885
0.233727
0.233572
0.23342
0.233269
0.233121
0.232976
0.232832
0.23269
0.232551
0.232413
0.232278
0.232145
0.232013
0.231883
0.231755
0.231629
0.231505
0.231382
0.231261
0.231142
0.231024
0.230908
0.230794
0.230681
0.230569
0.230459
0.230351
0.230243
0.230138
0.230033
0.22993
0.229828
0.229728
0.229628
0.22953
0.229433
0.229338
0.229243
0.22915
0.229057
0.228966
0.228876
0.228787
0.228699
0.228612
0.228526
0.228441
0.228356
0.228273
0.228191
0.22811
0.228029
0.227949
0.227871
0.227793
0.227716
0.227639
0.227564
0.227489
0.227415
0.227342
0.227269
0.227198
0.227127
0.227056
0.226987
0.226918
0.22685
0.226782
0.226715
0.226649
0.226583
0.226518
0.226453
0.226389
0.226326
0.226263
0.226201
0.226139
0.226078
0.226018
0.225958
0.225898
0.225839
0.22578
0.225722
0.225665
0.225608
0.225551
0.225495
0.225439
0.225384
0.225329
0.225275
0.225221
0.225167
0.225114
0.225062
0.225009
0.224957
0.224906
0.224855
0.224804
0.224754
0.224704
0.224654
0.224605
0.224556
0.224507
0.224459
0.224411
0.224363
0.224316
0.224269
0.224222
0.224176
0.22413
0.224084
0.224039
0.223994
0.223949
0.223905
0.22386
0.223816
0.223773
0.223729
0.223686
0.223643
0.223601
0.223558
0.223516
0.223474
0.223433
0.223391
0.22335
0.223309
0.223269
0.223228
0.223188
0.223148
0.223108
0.223069
0.22303
0.22299
0.222952
0.222913
0.222874
0.222836
0.222798
0.22276
0.222723
0.222685
0.222648
0.222611
0.222574
0.222537
0.222501
0.222465
0.222429
0.222393
0.222357
0.222321
0.222286
0.222251
0.222216
0.222181
0.222146
0.222111
0.222077
0.222043
0.222009
0.221975
0.221941
0.221907
0.221874
0.221841
0.221807
0.221774
0.221741
0.221709
0.221676
0.221644
0.221611
0.221579
0.221547
0.221515
0.221484
0.221452
0.221421
0.221389
0.221358
0.221327
0.221296
0.221265
0.221234
0.221204
0.221173
0.221143
0.221113
0.221083
0.221053
0.221023
0.220993
0.220964
0.220934
0.220905
0.220876
0.220846
0.220817
0.220788
0.22076
0.220731
0.220702
0.220674
0.220645
0.220617
0.220589
0.220561
0.220533
0.220505
0.220477
0.22045
0.220422
0.220395
0.220367
0.22034
0.220313
0.220286
0.220259
0.220232
0.220205
0.220178
0.220152
0.220125
0.220099
0.220072
0.220046
0.22002
0.219994
0.219968
0.219942
0.219916
0.219891
0.219865
0.219839
0.219814
0.219789
0.219763
0.219738
0.219713
0.219688
0.219663
0.219638
0.219613
0.219589
0.219564
0.21954
0.219515
0.219491
0.219466
0.219442
0.219418
0.219394
0.21937
0.219346
0.219322
0.219298
0.219275
0.219251
0.219227
0.219204
0.21918
0.219157
0.219134
0.219111
0.219088
0.219064
0.219041
0.219019
0.218996
0.218973
0.21895
0.218928
0.218905
0.218882
0.21886
0.218838
0.218815
0.218793
0.218771
0.218749
0.218727
0.218705
0.218683
0.218661
0.218639
0.218618
0.218596
0.218574
0.218553
0.218531
0.21851
0.218488
0.218467
0.218446
0.218425
0.218404
0.218383
0.218362
0.218341
0.21832
0.218299
0.218278
0.218258
0.218237
0.218216
0.218196
0.218175
0.218155
0.218135
0.218114
0.218094
0.218074
0.218054
0.218034
0.218014
0.217994
0.217974
0.217954
0.217934
0.217915
0.217895
0.217875
0.217856
0.217836
0.217817
0.217797
0.217778
0.217759
0.217739
0.21772
0.217701
0.217682
0.217663
0.217644
0.217625
0.217606
0.217587
0.217568
0.21755
0.217531
0.217512
0.217494
0.217475
0.217457
0.217438
0.21742
0.217401
0.217383
0.217365
0.217347
0.217328
0.21731
0.217292
0.217274
0.217256
0.217238
0.21722
0.217203
0.217185
0.217167
0.217149
0.217132
0.217114
0.217097
0.217079
0.217062
0.217044
0.217027
0.217009
0.216992
0.216975
0.216958
0.216941
0.216923
0.216906
0.216889
0.216872
0.216855
0.216839
0.216822
0.216805
0.216788
0.216771
0.216755
0.216738
0.216722
0.216705
0.216688
0.216672
0.216656
0.216639
0.216623
0.216607
0.21659
0.216574
0.216558
0.216542
0.216526
0.21651
0.216494
0.216478
0.216462
0.216446
0.21643
0.216414
0.216398
0.216383
0.216367
0.216351
0.216336
0.21632
0.216304
0.216289
0.216274
0.216258
0.216243
0.216227
0.216212
0.216197
0.216182
0.216166
0.216151
0.216136
0.216121
0.216106
0.216091
0.216076
0.216061
0.216046
0.216031
0.216016
0.216002
0.215987
0.215972
0.215957
0.215943
0.215928
0.215914
0.215899
0.215884
0.21587
0.215856
0.215841
0.215827
0.215812
0.215798
0.215784
0.21577
0.215756
0.215741
0.215727
0.215713
0.215699
0.215685
0.215671
0.215657
0.215643
0.215629
0.215615
0.215602
0.215588
0.215574
0.21556
0.215547
0.215533
0.215519
0.215506
0.215492
0.215479
0.215465
0.215452
0.215438
0.215425
0.215412
0.215398
0.215385
0.215372
0.215358
0.215345
0.215332
0.215319
0.215306
0.215293
0.21528
0.215267
0.215254
0.215241
0.215228
0.215215
0.215202
0.215189
0.215176
0.215164
0.215151
0.215138
0.215126
0.215113
0.2151
0.215088
0.215075
0.215063
0.21505
0.215038
0.215025
0.215013
0.215
0.214988
0.214976
0.214963
0.214951
0.214939
0.214927
0.214914
0.214902
0.21489
0.214878
0.214866
0.214854
0.214842
0.21483
0.214818
0.214806
0.214794
0.214782
0.214771
0.214759
0.214747
0.214735
0.214723
0.214712
0.2147
0.214688
0.214677
0.214665
0.214654
0.214642
0.214631
0.214619
0.214608
0.214596
0.214585
0.214573
0.214562
0.214551
0.214539
0.214528
0.214517
0.214506
0.214494
0.214483
0.214472
0.214461
0.21445
0.214439
0.214428
0.214417
0.214406
0.214395
0.214384
0.214373
0.214362
0.214351
0.21434
0.21433
0.214319
0.214308
0.214297
0.214287
0.214276
0.214265
0.214255
0.214244
0.214233
0.214223
0.214212
0.214202
0.214191
0.214181
0.21417
0.21416
0.21415
0.214139
0.214129
0.214119
0.214108
0.214098
0.214088
0.214077
0.214067
0.214057
0.214047
0.214037
0.214027
0.214017
0.214007
0.213996
0.213986
0.213976
0.213967
0.213957
0.213947
0.213937
0.213927
0.213917
0.213907
0.213897
0.213888
0.213878
0.213868
0.213858
0.213849
0.213839
0.213829
0.21382
0.21381
0.2138
0.213791
0.213781
0.213772
0.213762
0.213753
0.213743
0.213734
0.213724
0.213715
0.213706
0.213696
0.213687
0.213678
0.213668
0.213659
0.21365
0.213641
0.213631
0.213622
0.213613
0.213604
0.213595
0.213586
0.213577
0.213568
0.213559
0.21355
0.213541
0.213532
0.213523
0.213514
0.213505
0.213496
0.213487
0.213478
0.213469
0.21346
0.213452
0.213443
0.213434
0.213425
0.213417
0.213408
0.213399
0.213391
0.213382
0.213373
0.213365
0.213356
0.213348
0.213339
0.213331
0.213322
0.213314
0.213305
0.213297
0.213288
0.21328
0.213271
0.213263
0.213255
0.213246
0.213238
0.21323
0.213221
0.213213
0.213205
0.213197
0.213189
0.21318
0.213172
0.213164
0.213156
0.213148
0.21314
0.213132
0.213124
0.213116
0.213108
0.2131
0.213092
0.213084
0.213076
0.213068
0.21306
0.213052
0.213044
0.213036
0.213028
0.213021
0.213013
0.213005
0.212997
0.212989
0.212982
0.212974
0.212966
0.212959
0.212951
0.212943
0.212936
0.212928
0.21292
0.212913
0.212905
0.212898
0.21289
0.212883
0.212875
0.212868
0.21286
0.212853
0.212845
0.212838
0.212831
0.212823
0.212816
0.212809
0.212801
0.212794
0.212787
0.212779
0.212772
0.212765
0.212758
0.21275
0.212743
0.212736
0.212729
0.212722
0.212715
0.212707
0.2127
0.212693
0.212686
0.212679
0.212672
0.212665
0.212658
0.212651
0.212644
0.212637
0.21263
0.212623
0.212616
0.212609
0.212602
0.212596
0.212589
0.212582
0.212575
0.212568
0.212562
0.212555
0.212548
0.212541
0.212534
0.212528
0.212521
0.212514
0.212508
0.212501
0.212494
0.212488
0.212481
0.212475
0.212468
0.212461
0.212455
0.212448
0.212442
0.212435
0.212429
0.212422
0.212416
0.212409
0.212403
0.212397
0.21239
0.212384
0.212377
0.212371
0.212365
0.212358
0.212352
0.212346
0.212339
0.212333
0.212327
0.212321
0.212314
0.212308
0.212302
0.212296
0.212289
0.212283
